name: null
channels:
  - conda-forge
  - defaults
dependencies:
  - ca-certificates=2022.5.18.1=h5b45459_0
  - openssl=3.0.3=h8ffe710_0
  - pip=22.1.2=pyhd8ed1ab_0
  - python=3.7.12=h900ac77_100_cpython
  - python_abi=3.7=2_cp37m
  - setuptools=62.3.2=py37h03978a9_0
  - sqlite=3.38.5=h8ffe710_0
  - ucrt=10.0.20348.0=h57928b3_0
  - vc=14.2=hb210afc_6
  - vs2015_runtime=14.29.30037=h902a5da_6
  - wheel=0.37.1=pyhd8ed1ab_0
prefix: D:\Dropbox\Teaching\econ_data_science_github\renv\python\condaenvs\renv-python
